Elapsed: 2.381569 seconds
Elapsed: 7.084875 seconds
Elapsed: 58.183018 seconds
